400 0.01 9.73
400 0.1 972.8
400 1 96810
400 2 383100
400 3 834700
400 5 1927000
600 0.01 2.291
600 0.1 229.6
600 1 23000
600 2 91900
600 3 203900
600 5 471500
1000 0.01 0.3257
1000 0.1 32.64
1000 1 3302
1000 2 13600
1000 3 31080
1000 5 75340
1600 0.01 0.04193
1600 0.1 4.213
1600 1 436.5
1600 2 1907
1600 3 4670
1600 5 12350
2000 0.01 0.01384
2000 0.1 1.385
2000 1 147.6
2000 2 681.7
2000 3 1763
2000 5 4995
2600 0.01 0.003124
2600 0.1 0.3125
2600 1 35.06
2600 2 182.6
2600 3 527.8
2600 5 1675
3000 0.01 0.001248
3000 0.1 0.1248
3000 1 14.89
3000 2 85.47
3000 3 265.4
3000 5 915.4
3600 0.01 0.0003384
3600 0.1 0.03384
3600 1 4.597
3600 2 32.0
3600 3 111.8
3600 5 424.2
4000 0.01 0.0001493
4000 0.1 0.01493
4000 1 2.303
4000 2 18.23
4000 3 68.0
4000 5 272.1
4600 0.01 0.0000488
4600 0.1 0.004894
4600 1 0.938
4600 2 8.838
4600 3 35.65
4600 5 151.7
5000 0.01 0.00002517
5000 0.1 0.002513
5000 1 0.5687
5000 2 5.896
5000 3 24.47
5000 5 107
5600 0.01 0.00001046
5600 0.1 0.001043
5600 1 0.3001
5600 2 3.439
5600 3 14.89
5600 5 67.11
6000 0.01 0.000006134
6000 0.1 0.0006139
6000 1 0.2072
6000 2 2.496
6000 3 11.04
6000 5 50.19
6600 0.01 0.000002825
6600 0.1 0.0002843
6600 1 0.1263
6600 2 1.628
6600 3 7.32
6600 5 33.88
