400 115910.1 0.0167
600 28204.30 0.0195
800 9772.903 0.0229
1000 4112.692 0.0263
1200 1955.751 0.0298
1400 1011.061 0.0334
1600 555.177 0.0371
1800 318.963 0.0411
2000 189.790 0.0449
2200 116.125 0.0492
2400 72.698 0.0542
2600 46.407 0.0588
2800 30.136 0.0652
3000 19.882 0.0707
3200 13.319 0.0784
3400 9.061 0.0897
3600 6.262 0.0987
3800 4.401 0.1126
4000 3.148 0.1240
4200 2.293 0.1368
4400 1.703 0.1515
4600 1.289 0.1620
4800 0.993 0.1719
5000 0.779 0.1798
5200 0.621 0.1823
5400 0.502 0.1859
5600 0.411 0.1888
5800 0.340 0.1867
6000 0.284 0.1792
6200 0.240 0.1778
6400 0.203 0.1672
6600 0.174 0.1605
